1 0.0
2 0.0
3 0.0
4 0.0
5 0.12
6 0.06
7 0.02
8 0.4
9 1.0
10 1.0
11 0.28
12 0.03
13 0.0
14 0.0
15 0.0
16 0.02
17 0.06
18 0.2
19 0.25
20 0.17
21 0.05
22 0.48
23 0.21
24 0.4
25 0.11
26 0.03
27 0.0
28 0.0
29 0.0
30 0.0
31 0.0
32 0.01
33 0.16
34 0.59
35 1.0
36 0.32
37 0.39
38 1.0
39 0.31
40 0.12
41 0.0
42 0.0
43 0.02
44 0.0
45 0.02
46 0.0
47 0.0
48 0.12
49 1.0
50 1.0
51 0.32
52 0.12
53 0.06
54 0.02
55 0.0
56 0.0
57 0.0
58 0.0
59 0.08
60 0.4
61 0.49
62 0.09
63 0.01
64 0.04
65 0.0
66 0.03
67 0.0
68 0.0
69 0.0
70 0.05
